Target = Smooth-MPPI
Simulate 10 times for each
N	S_u	P	F	a_msc_x	a_msc_u	a_tv_x		a_tv_u		avg_time	min_time	max_time
100	0.10	10	0	0.004674	1.996101	11.267287	54.806079	0.066254	0.013260	0.152470
100	0.20	0	10	0.000000	0.000000	0.000000	0.000000	0.000000	1.000000	0.000000
100	0.30	0	10	0.000000	0.000000	0.000000	0.000000	0.000000	1.000000	0.000000
100	0.40	0	10	0.000000	0.000000	0.000000	0.000000	0.000000	1.000000	0.000000
100	0.50	0	10	0.000000	0.000000	0.000000	0.000000	0.000000	1.000000	0.000000
100	0.60	0	10	0.000000	0.000000	0.000000	0.000000	0.000000	1.000000	0.000000
100	0.70	0	10	0.000000	0.000000	0.000000	0.000000	0.000000	1.000000	0.000000
100	0.80	0	10	0.000000	0.000000	0.000000	0.000000	0.000000	1.000000	0.000000
100	0.90	0	10	0.000000	0.000000	0.000000	0.000000	0.000000	1.000000	0.000000
200	0.10	10	0	0.005592	2.473568	11.452953	59.193240	0.089744	0.011433	0.254885
200	0.20	7	3	0.005338	2.350370	11.243303	58.411255	0.379583	0.103449	0.626047
200	0.30	0	10	0.000000	0.000000	0.000000	0.000000	0.000000	1.000000	0.000000
200	0.40	0	10	0.000000	0.000000	0.000000	0.000000	0.000000	1.000000	0.000000
200	0.50	0	10	0.000000	0.000000	0.000000	0.000000	0.000000	1.000000	0.000000
200	0.60	0	10	0.000000	0.000000	0.000000	0.000000	0.000000	1.000000	0.000000
200	0.70	0	10	0.000000	0.000000	0.000000	0.000000	0.000000	1.000000	0.000000
200	0.80	0	10	0.000000	0.000000	0.000000	0.000000	0.000000	1.000000	0.000000
200	0.90	0	10	0.000000	0.000000	0.000000	0.000000	0.000000	1.000000	0.000000
400	0.10	10	0	0.005634	2.417266	11.657927	59.835033	0.163579	0.028626	0.673442
400	0.20	10	0	0.003029	1.233318	10.655399	43.662284	0.092764	0.025822	0.297432
400	0.30	0	10	0.000000	0.000000	0.000000	0.000000	0.000000	1.000000	0.000000
400	0.40	0	10	0.000000	0.000000	0.000000	0.000000	0.000000	1.000000	0.000000
400	0.50	0	10	0.000000	0.000000	0.000000	0.000000	0.000000	1.000000	0.000000
400	0.60	0	10	0.000000	0.000000	0.000000	0.000000	0.000000	1.000000	0.000000
400	0.70	0	10	0.000000	0.000000	0.000000	0.000000	0.000000	1.000000	0.000000
400	0.80	0	10	0.000000	0.000000	0.000000	0.000000	0.000000	1.000000	0.000000
400	0.90	0	10	0.000000	0.000000	0.000000	0.000000	0.000000	1.000000	0.000000
800	0.10	6	4	0.005500	2.389195	11.351590	59.193265	0.157839	0.050411	0.296062
800	0.20	10	0	0.004143	1.681519	11.265113	50.035882	0.091221	0.029289	0.244080
800	0.30	7	3	0.004096	1.740977	11.007078	52.465245	0.459708	0.104619	0.895531
800	0.40	0	10	0.000000	0.000000	0.000000	0.000000	0.000000	1.000000	0.000000
800	0.50	0	10	0.000000	0.000000	0.000000	0.000000	0.000000	1.000000	0.000000
800	0.60	0	10	0.000000	0.000000	0.000000	0.000000	0.000000	1.000000	0.000000
800	0.70	0	10	0.000000	0.000000	0.000000	0.000000	0.000000	1.000000	0.000000
800	0.80	0	10	0.000000	0.000000	0.000000	0.000000	0.000000	1.000000	0.000000
800	0.90	0	10	0.000000	0.000000	0.000000	0.000000	0.000000	1.000000	0.000000
1600	0.10	6	4	0.005823	2.458787	11.643074	59.337328	0.330104	0.100525	0.970091
1600	0.20	10	0	0.003977	1.681116	11.358134	47.649622	0.244149	0.064259	0.798621
1600	0.30	10	0	0.003112	1.260089	10.919609	43.446671	0.140122	0.056989	0.262127
1600	0.40	2	8	0.006722	2.977948	11.472839	69.641894	0.598550	0.541464	0.655637
1600	0.50	0	10	0.000000	0.000000	0.000000	0.000000	0.000000	1.000000	0.000000
1600	0.60	0	10	0.000000	0.000000	0.000000	0.000000	0.000000	1.000000	0.000000
1600	0.70	0	10	0.000000	0.000000	0.000000	0.000000	0.000000	1.000000	0.000000
1600	0.80	0	10	0.000000	0.000000	0.000000	0.000000	0.000000	1.000000	0.000000
1600	0.90	0	10	0.000000	0.000000	0.000000	0.000000	0.000000	1.000000	0.000000
3200	0.10	4	6	0.005048	2.110702	11.607639	55.222916	0.407182	0.271583	0.530853
3200	0.20	9	1	0.004169	1.712949	11.485084	48.518574	0.294374	0.131514	0.873306
3200	0.30	10	0	0.002269	0.848576	10.572061	36.755558	0.164467	0.114271	0.355691
3200	0.40	9	1	0.003387	1.367844	10.784333	46.955073	0.330137	0.081322	0.804388
3200	0.50	0	10	0.000000	0.000000	0.000000	0.000000	0.000000	1.000000	0.000000
3200	0.60	0	10	0.000000	0.000000	0.000000	0.000000	0.000000	1.000000	0.000000
3200	0.70	0	10	0.000000	0.000000	0.000000	0.000000	0.000000	1.000000	0.000000
3200	0.80	0	10	0.000000	0.000000	0.000000	0.000000	0.000000	1.000000	0.000000
3200	0.90	0	10	0.000000	0.000000	0.000000	0.000000	0.000000	1.000000	0.000000
6400	0.10	2	8	0.005557	2.351086	11.770015	57.155597	0.941172	0.882585	0.999759
6400	0.20	9	1	0.003959	1.681214	11.259891	47.081618	0.426020	0.222506	0.663954
6400	0.30	10	0	0.003813	1.554044	11.222244	45.786527	0.274315	0.174803	0.513715
6400	0.40	10	0	0.002341	0.856836	10.659162	35.978164	0.284678	0.108027	0.633066
6400	0.50	3	7	0.006161	2.607998	11.838435	63.273392	0.377844	0.105902	0.886136
6400	0.60	0	10	0.000000	0.000000	0.000000	0.000000	0.000000	1.000000	0.000000
6400	0.70	0	10	0.000000	0.000000	0.000000	0.000000	0.000000	1.000000	0.000000
6400	0.80	0	10	0.000000	0.000000	0.000000	0.000000	0.000000	1.000000	0.000000
6400	0.90	0	10	0.000000	0.000000	0.000000	0.000000	0.000000	1.000000	0.000000
12800	0.10	0	10	0.000000	0.000000	0.000000	0.000000	0.000000	1.000000	0.000000
12800	0.20	8	2	0.005218	2.318049	11.324513	55.774838	0.547217	0.340764	0.981431
12800	0.30	10	0	0.003719	1.476942	11.335202	44.463505	0.415041	0.266389	0.558652
12800	0.40	9	1	0.004295	1.849070	11.228931	49.994888	0.345158	0.224836	0.606181
12800	0.50	7	3	0.003270	1.315917	10.911881	44.023168	0.387475	0.251751	0.602068
12800	0.60	2	8	0.004871	2.152483	11.516360	57.566082	0.227071	0.209886	0.244256
12800	0.70	0	10	0.000000	0.000000	0.000000	0.000000	0.000000	1.000000	0.000000
12800	0.80	1	9	0.007567	2.978168	12.803598	68.469207	0.461747	0.461747	0.461747
12800	0.90	0	10	0.000000	0.000000	0.000000	0.000000	0.000000	1.000000	0.000000
25600	0.10	0	10	0.000000	0.000000	0.000000	0.000000	0.000000	1.000000	0.000000
25600	0.20	2	8	0.004244	1.761101	11.298538	47.889592	0.957709	0.936711	0.978708
25600	0.30	10	0	0.003242	1.296141	11.156907	41.000866	0.829092	0.644698	0.962732
25600	0.40	10	0	0.002388	0.910940	10.681906	35.276619	0.710420	0.419974	0.827269
25600	0.50	8	2	0.001480	0.529877	10.175081	29.926682	0.743460	0.541256	0.911220
25600	0.60	3	7	0.003112	1.287182	10.663293	46.018160	0.556667	0.418451	0.643797
25600	0.70	2	8	0.005820	2.678583	11.615351	62.663924	0.597565	0.414053	0.781078
25600	0.80	0	10	0.000000	0.000000	0.000000	0.000000	0.000000	1.000000	0.000000
25600	0.90	0	10	0.000000	0.000000	0.000000	0.000000	0.000000	1.000000	0.000000
